0	0.987403	-0.0393241
0.01	0.986815	-0.0782803
0.02	0.985839	-0.116856
0.03	0.984479	-0.15504
0.04	0.982739	-0.19282
0.05	0.980624	-0.230185
0.06	0.978137	-0.267123
0.07	0.975283	-0.303624
0.08	0.972066	-0.339677
0.09	0.968491	-0.375272
0.1	0.964562	-0.410398
0.11	0.960285	-0.445046
0.12	0.955663	-0.479207
0.13	0.950702	-0.51287
0.14	0.945407	-0.546028
0.15	0.939783	-0.578672
0.16	0.933835	-0.610792
0.17	0.927569	-0.642382
0.18	0.92099	-0.673432
0.19	0.914102	-0.703936
0.2	0.906913	-0.733887
0.21	0.899426	-0.763277
0.22	0.891649	-0.7921
0.23	0.883586	-0.820349
0.24	0.875244	-0.848019
0.25	0.866628	-0.875103
0.26	0.857744	-0.901595
0.27	0.848598	-0.927492
0.28	0.839196	-0.952787
0.29	0.829544	-0.977476
0.3	0.819649	-1.00155
0.31	0.809515	-1.02502
0.32	0.79915	-1.04786
0.33	0.78856	-1.07009
0.34	0.777751	-1.09169
0.35	0.766728	-1.11266
0.36	0.7555	-1.133
0.37	0.744071	-1.1527
0.38	0.732448	-1.17177
0.39	0.720637	-1.1902
0.4	0.708646	-1.208
0.41	0.696479	-1.22515
0.42	0.684145	-1.24166
0.43	0.671648	-1.25753
0.44	0.658996	-1.27276
0.45	0.646195	-1.28734
0.46	0.633252	-1.30128
0.47	0.620172	-1.31458
0.48	0.606962	-1.32724
0.49	0.593629	-1.33925
0.5	0.580179	-1.35062
0.51	0.566619	-1.36135
0.52	0.552954	-1.37145
0.53	0.539192	-1.3809
0.54	0.525338	-1.38972
0.55	0.5114	-1.39792
0.56	0.497382	-1.40548
0.57	0.483292	-1.41241
0.58	0.469136	-1.41872
0.59	0.45492	-1.4244
0.6	0.44065	-1.42947
0.61	0.426333	-1.43393
0.62	0.411974	-1.43777
0.63	0.397579	-1.44101
0.64	0.383156	-1.44364
0.65	0.368709	-1.44567
0.66	0.354244	-1.44711
0.67	0.339768	-1.44797
0.68	0.325287	-1.44823
0.69	0.310805	-1.44792
0.7	0.29633	-1.44704
0.71	0.281867	-1.44558
0.72	0.26742	-1.44357
0.73	0.252997	-1.441
0.74	0.238602	-1.43787
0.75	0.224241	-1.4342
0.76	0.20992	-1.43
0.77	0.195643	-1.42526
0.78	0.181417	-1.42
0.79	0.167245	-1.41422
0.8	0.153134	-1.40792
0.81	0.139088	-1.40113
0.82	0.125113	-1.39383
0.83	0.111213	-1.38605
0.84	0.0973936	-1.37778
0.85	0.0836591	-1.36904
0.86	0.0700143	-1.35984
0.87	0.0564639	-1.35017
0.88	0.0430124	-1.34005
0.89	0.0296643	-1.32949
0.9	0.016424	-1.3185
0.91	0.0032958	-1.30708
0.92	-0.00971611	-1.29524
0.93	-0.0226076	-1.28299
0.94	-0.0353745	-1.27034
0.95	-0.048013	-1.25729
0.96	-0.0605191	-1.24387
0.97	-0.0728891	-1.23007
0.98	-0.0851192	-1.2159
0.99	-0.0972059	-1.20137
1	-0.109146	-1.1865
1.01	-0.120935	-1.17129
1.02	-0.13257	-1.15575
1.03	-0.144049	-1.13988
1.04	-0.155367	-1.12371
1.05	-0.166522	-1.10723
1.06	-0.17751	-1.09046
1.07	-0.18833	-1.0734
1.08	-0.198978	-1.05607
1.09	-0.209451	-1.03848
1.1	-0.219746	-1.02063
1.11	-0.229862	-1.00253
1.12	-0.239796	-0.984197
1.13	-0.249545	-0.965635
1.14	-0.259108	-0.946855
1.15	-0.268482	-0.927866
1.16	-0.277665	-0.908678
1.17	-0.286655	-0.8893
1.18	-0.29545	-0.869741
1.19	-0.304049	-0.850011
1.2	-0.31245	-0.83012
1.21	-0.320651	-0.810076
1.22	-0.328651	-0.78989
1.23	-0.336448	-0.769569
1.24	-0.344042	-0.749125
1.25	-0.35143	-0.728565
1.26	-0.358613	-0.707899
1.27	-0.365588	-0.687137
1.28	-0.372355	-0.666287
1.29	-0.378913	-0.645358
1.3	-0.385262	-0.62436
1.31	-0.3914	-0.603302
1.32	-0.397328	-0.582192
1.33	-0.403044	-0.561039
1.34	-0.408549	-0.539852
1.35	-0.413841	-0.518641
1.36	-0.418921	-0.497412
1.37	-0.423789	-0.476176
1.38	-0.428445	-0.454941
1.39	-0.432888	-0.433715
1.4	-0.437119	-0.412506
1.41	-0.441138	-0.391323
1.42	-0.444946	-0.370174
1.43	-0.448542	-0.349067
1.44	-0.451927	-0.32801
1.45	-0.455102	-0.307011
1.46	-0.458068	-0.286078
1.47	-0.460824	-0.265219
1.48	-0.463372	-0.244441
1.49	-0.465713	-0.223751
1.5	-0.467848	-0.203158
1.51	-0.469777	-0.182669
1.52	-0.471502	-0.162291
1.53	-0.473023	-0.14203
1.54	-0.474343	-0.121895
1.55	-0.475461	-0.101891
1.56	-0.476381	-0.0820258
1.57	-0.477102	-0.0623061
1.58	-0.477627	-0.0427383
1.59	-0.477958	-0.0233288
1.6	-0.478095	-0.00408385
1.61	-0.47804	0.0149903
1.62	-0.477795	0.0338875
1.63	-0.477363	0.052602
1.64	-0.476744	0.0711278
1.65	-0.475941	0.0894593
1.66	-0.474955	0.107591
1.67	-0.47379	0.125517
1.68	-0.472446	0.143233
1.69	-0.470926	0.160733
1.7	-0.469232	0.178012
1.71	-0.467366	0.195066
1.72	-0.465331	0.211889
1.73	-0.463129	0.228477
1.74	-0.460763	0.244825
1.75	-0.458234	0.26093
1.76	-0.455545	0.276786
1.77	-0.452699	0.29239
1.78	-0.449698	0.307737
1.79	-0.446545	0.322825
1.8	-0.443242	0.337649
1.81	-0.439793	0.352205
1.82	-0.436199	0.366491
1.83	-0.432464	0.380503
1.84	-0.42859	0.394238
1.85	-0.42458	0.407693
1.86	-0.420437	0.420865
1.87	-0.416164	0.433752
1.88	-0.411763	0.44635
1.89	-0.407238	0.458658
1.9	-0.402591	0.470673
1.91	-0.397825	0.482392
1.92	-0.392944	0.493815
1.93	-0.38795	0.504939
1.94	-0.382846	0.515761
1.95	-0.377636	0.526282
1.96	-0.372321	0.536499
1.97	-0.366907	0.54641
1.98	-0.361394	0.556016
1.99	-0.355787	0.565313
2	-0.350089	0.574303
2.01	-0.344302	0.582983
2.02	-0.33843	0.591353
2.03	-0.332476	0.599413
2.04	-0.326443	0.607161
2.05	-0.320334	0.614599
2.06	-0.314152	0.621725
2.07	-0.307901	0.62854
2.08	-0.301583	0.635044
2.09	-0.295201	0.641236
2.1	-0.288759	0.647118
2.11	-0.28226	0.652689
2.12	-0.275706	0.65795
2.13	-0.269102	0.662902
2.14	-0.262449	0.667546
2.15	-0.255752	0.671883
2.16	-0.249012	0.675913
2.17	-0.242234	0.679638
2.18	-0.235421	0.683059
2.19	-0.228574	0.686177
2.2	-0.221698	0.688994
2.21	-0.214795	0.691511
2.22	-0.207869	0.693731
2.23	-0.200922	0.695654
2.24	-0.193957	0.697284
2.25	-0.186977	0.698621
2.26	-0.179985	0.699667
2.27	-0.172985	0.700426
2.28	-0.165978	0.700899
2.29	-0.158968	0.701089
2.3	-0.151957	0.700998
2.31	-0.144949	0.700628
2.32	-0.137945	0.699983
2.33	-0.13095	0.699065
2.34	-0.123965	0.697877
2.35	-0.116993	0.696422
2.36	-0.110037	0.694702
2.37	-0.1031	0.692721
2.38	-0.0961838	0.690482
2.39	-0.0892912	0.687988
2.4	-0.0824249	0.685243
2.41	-0.0755872	0.682249
2.42	-0.0687807	0.67901
2.43	-0.0620078	0.67553
2.44	-0.0552709	0.671813
2.45	-0.0485723	0.667861
2.46	-0.0419144	0.663678
2.47	-0.0352995	0.659269
2.48	-0.0287298	0.654636
2.49	-0.0222075	0.649785
2.5	-0.0157348	0.644718
2.51	-0.00931387	0.63944
2.52	-0.00294672	0.633955
2.53	0.00336455	0.628266
2.54	0.00961794	0.622378
2.55	0.0158115	0.616295
2.56	0.0219432	0.610021
2.57	0.0280113	0.603561
2.58	0.0340138	0.596918
2.59	0.039949	0.590097
2.6	0.0458152	0.583102
2.61	0.0516105	0.575937
2.62	0.0573334	0.568607
2.63	0.0629821	0.561117
2.64	0.0685552	0.55347
2.65	0.074051	0.545671
2.66	0.0794681	0.537725
2.67	0.084805	0.529636
2.68	0.0900604	0.521409
2.69	0.0952328	0.513048
2.7	0.100321	0.504557
2.71	0.105323	0.495942
2.72	0.110239	0.487206
2.73	0.115067	0.478354
2.74	0.119806	0.469392
2.75	0.124455	0.460322
2.76	0.129012	0.451151
2.77	0.133477	0.441882
2.78	0.137849	0.43252
2.79	0.142128	0.42307
2.8	0.146311	0.413536
2.81	0.150398	0.403923
2.82	0.154389	0.394235
2.83	0.158282	0.384477
2.84	0.162078	0.374654
2.85	0.165775	0.364769
2.86	0.169373	0.354827
2.87	0.172872	0.344834
2.88	0.17627	0.334792
2.89	0.179567	0.324707
2.9	0.182764	0.314583
2.91	0.185859	0.304425
2.92	0.188852	0.294237
2.93	0.191744	0.284022
2.94	0.194533	0.273786
2.95	0.197219	0.263533
2.96	0.199803	0.253266
2.97	0.202285	0.242991
2.98	0.204663	0.232711
2.99	0.206939	0.222431
3	0.209112	0.212154
3.01	0.211182	0.201884
3.02	0.213149	0.191627
3.03	0.215014	0.181384
3.04	0.216777	0.171162
3.05	0.218438	0.160963
3.06	0.219997	0.150791
3.07	0.221454	0.14065
3.08	0.22281	0.130544
3.09	0.224065	0.120477
3.1	0.225219	0.110451
3.11	0.226274	0.100472
3.12	0.227229	0.0905422
3.13	0.228085	0.0806652
3.14	0.228842	0.0708446
3.15	0.229502	0.0610837
3.16	0.230064	0.051386
3.17	0.23053	0.0417547
3.18	0.2309	0.0321931
3.19	0.231174	0.0227043
3.2	0.231354	0.0132915
3.21	0.23144	0.00395777
3.22	0.231433	-0.00529394
3.23	0.231335	-0.0144606
3.24	0.231144	-0.0235395
3.25	0.230864	-0.0325276
3.26	0.230494	-0.0414222
3.27	0.230036	-0.0502206
3.28	0.22949	-0.0589202
3.29	0.228858	-0.0675184
3.3	0.22814	-0.0760127
3.31	0.227338	-0.0844006
3.32	0.226452	-0.0926797
3.33	0.225485	-0.100848
3.34	0.224436	-0.108902
3.35	0.223307	-0.116842
3.36	0.222099	-0.124663
3.37	0.220814	-0.132365
3.38	0.219453	-0.139945
3.39	0.218016	-0.147402
3.4	0.216505	-0.154733
3.41	0.214921	-0.161936
3.42	0.213267	-0.169011
3.43	0.211542	-0.175955
3.44	0.209748	-0.182766
3.45	0.207887	-0.189444
3.46	0.20596	-0.195987
3.47	0.203968	-0.202393
3.48	0.201912	-0.208661
3.49	0.199795	-0.21479
3.5	0.197617	-0.220778
3.51	0.19538	-0.226625
3.52	0.193085	-0.232329
3.53	0.190734	-0.237889
3.54	0.188328	-0.243305
3.55	0.185868	-0.248576
3.56	0.183356	-0.2537
3.57	0.180794	-0.258677
3.58	0.178183	-0.263507
3.59	0.175525	-0.268189
3.6	0.17282	-0.272721
3.61	0.170071	-0.277105
3.62	0.167279	-0.281339
3.63	0.164445	-0.285423
3.64	0.161571	-0.289357
3.65	0.158658	-0.29314
3.66	0.155708	-0.296773
3.67	0.152723	-0.300255
3.68	0.149704	-0.303586
3.69	0.146652	-0.306767
3.7	0.143569	-0.309797
3.71	0.140456	-0.312676
3.72	0.137316	-0.315405
3.73	0.134149	-0.317984
3.74	0.130957	-0.320413
3.75	0.127741	-0.322693
3.76	0.124503	-0.324824
3.77	0.121245	-0.326807
3.78	0.117968	-0.328642
3.79	0.114673	-0.330329
3.8	0.111362	-0.33187
3.81	0.108036	-0.333264
3.82	0.104697	-0.334514
3.83	0.101346	-0.335619
3.84	0.0979848	-0.336581
3.85	0.0946148	-0.3374
3.86	0.0912373	-0.338077
3.87	0.0878538	-0.338614
3.88	0.0844655	-0.339011
3.89	0.081074	-0.339269
3.9	0.0776806	-0.33939
3.91	0.0742866	-0.339375
3.92	0.0708935	-0.339225
3.93	0.0675026	-0.338941
3.94	0.0641152	-0.338525
3.95	0.0607325	-0.337977
3.96	0.057356	-0.3373
3.97	0.053987	-0.336495
3.98	0.0506266	-0.335563
3.99	0.0472761	-0.334505
4	0.0439369	-0.333324
4.01	0.0406101	-0.332021
4.02	0.0372969	-0.330597
4.03	0.0339985	-0.329054
4.04	0.0307162	-0.327395
4.05	0.027451	-0.325619
4.06	0.0242042	-0.32373
4.07	0.0209768	-0.321729
4.08	0.0177699	-0.319618
4.09	0.0145848	-0.317398
4.1	0.0114223	-0.315072
4.11	0.00828369	-0.312641
4.12	0.00516986	-0.310108
4.13	0.00208187	-0.307474
4.14	-0.000979281	-0.30474
4.15	-0.00401262	-0.30191
4.16	-0.00701717	-0.298986
4.17	-0.00999202	-0.295968
4.18	-0.0129362	-0.29286
4.19	-0.0158489	-0.289662
4.2	-0.0187292	-0.286378
4.21	-0.0215762	-0.28301
4.22	-0.0243891	-0.279559
4.23	-0.0271671	-0.276027
4.24	-0.0299094	-0.272418
4.25	-0.0326152	-0.268732
4.26	-0.0352838	-0.264972
4.27	-0.0379144	-0.26114
4.28	-0.0405064	-0.257239
4.29	-0.043059	-0.25327
4.3	-0.0455716	-0.249236
4.31	-0.0480435	-0.245139
4.32	-0.0504741	-0.240981
4.33	-0.0528629	-0.236764
4.34	-0.0552092	-0.232491
4.35	-0.0575125	-0.228163
4.36	-0.0597723	-0.223784
4.37	-0.0619881	-0.219354
4.38	-0.0641593	-0.214877
4.39	-0.0662854	-0.210354
4.4	-0.0683662	-0.205789
4.41	-0.0704011	-0.201182
4.42	-0.0723897	-0.196536
4.43	-0.0743317	-0.191854
4.44	-0.0762267	-0.187137
4.45	-0.0780743	-0.182388
4.46	-0.0798743	-0.177609
4.47	-0.0816264	-0.172802
4.48	-0.0833303	-0.167969
4.49	-0.0849857	-0.163112
4.5	-0.0865924	-0.158235
4.51	-0.0881503	-0.153337
4.52	-0.0896591	-0.148423
4.53	-0.0911187	-0.143494
4.54	-0.092529	-0.138552
4.55	-0.0938897	-0.133598
4.56	-0.0952009	-0.128636
4.57	-0.0964624	-0.123667
4.58	-0.0976742	-0.118694
4.59	-0.0988363	-0.113718
4.6	-0.0999486	-0.108741
4.61	-0.101011	-0.103765
4.62	-0.102024	-0.0987928
4.63	-0.102987	-0.0938256
4.64	-0.1039	-0.0888656
4.65	-0.104764	-0.0839146
4.66	-0.105579	-0.0789746
4.67	-0.106344	-0.0740474
4.68	-0.10706	-0.0691349
4.69	-0.107727	-0.0642388
4.7	-0.108345	-0.059361
4.71	-0.108914	-0.0545033
4.72	-0.109435	-0.0496674
4.73	-0.109907	-0.0448551
4.74	-0.110332	-0.040068
4.75	-0.110709	-0.0353079
4.76	-0.111038	-0.0305763
4.77	-0.11132	-0.025875
4.78	-0.111556	-0.0212055
4.79	-0.111745	-0.0165693
4.8	-0.111887	-0.0119682
4.81	-0.111984	-0.00740344
4.82	-0.112035	-0.00287666
4.83	-0.112042	0.0016107
4.84	-0.112003	0.00605721
4.85	-0.111921	0.0104615
4.86	-0.111794	0.0148221
4.87	-0.111624	0.0191378
4.88	-0.111412	0.0234072
4.89	-0.111156	0.027629
4.9	-0.110859	0.0318019
4.91	-0.110521	0.0359249
4.92	-0.110141	0.0399966
4.93	-0.109721	0.0440158
4.94	-0.109261	0.0479816
4.95	-0.108761	0.0518927
4.96	-0.108223	0.0557481
4.97	-0.107647	0.0595467
4.98	-0.107032	0.0632876
4.99	-0.106381	0.0669698
5	-0.105693	0.0705923
5.01	-0.104969	0.0741543
5.02	-0.10421	0.0776548
5.03	-0.103417	0.0810931
5.04	-0.102589	0.0844682
5.05	-0.101727	0.0877795
5.06	-0.100833	0.0910261
5.07	-0.0999071	0.0942075
5.08	-0.0989494	0.0973227
5.09	-0.0979609	0.100371
5.1	-0.0969422	0.103353
5.11	-0.095894	0.106266
5.12	-0.0948171	0.109111
5.13	-0.093712	0.111887
5.14	-0.0925796	0.114594
5.15	-0.0914204	0.117231
5.16	-0.0902352	0.119797
5.17	-0.0890247	0.122293
5.18	-0.0877896	0.124718
5.19	-0.0865306	0.127071
5.2	-0.0852484	0.129353
5.21	-0.0839437	0.131563
5.22	-0.0826174	0.1337
5.23	-0.08127	0.135766
5.24	-0.0799023	0.137758
5.25	-0.078515	0.139678
5.26	-0.077109	0.141525
5.27	-0.0756848	0.143299
5.28	-0.0742432	0.145001
5.29	-0.072785	0.146629
5.3	-0.0713109	0.148184
5.31	-0.0698216	0.149666
5.32	-0.0683178	0.151076
5.33	-0.0668003	0.152412
5.34	-0.0652698	0.153676
5.35	-0.063727	0.154868
5.36	-0.0621727	0.155987
5.37	-0.0606075	0.157034
5.38	-0.0590322	0.158009
5.39	-0.0574476	0.158913
5.4	-0.0558542	0.159745
5.41	-0.0542529	0.160506
5.42	-0.0526444	0.161196
5.43	-0.0510292	0.161816
5.44	-0.0494083	0.162366
5.45	-0.0477822	0.162846
5.46	-0.0461516	0.163257
5.47	-0.0445172	0.1636
5.48	-0.0428798	0.163874
5.49	-0.04124	0.16408
5.5	-0.0395984	0.16422
5.51	-0.0379558	0.164293
5.52	-0.0363128	0.164299
5.53	-0.0346701	0.16424
5.54	-0.0330282	0.164117
5.55	-0.0313879	0.163929
5.56	-0.0297499	0.163677
5.57	-0.0281146	0.163363
5.58	-0.0264828	0.162986
5.59	-0.0248551	0.162548
5.6	-0.0232321	0.162049
5.61	-0.0216143	0.16149
5.62	-0.0200025	0.160871
5.63	-0.0183971	0.160195
5.64	-0.0167988	0.15946
5.65	-0.0152081	0.158668
5.66	-0.0136256	0.157821
5.67	-0.0120518	0.156918
5.68	-0.0104874	0.155961
5.69	-0.0089328	0.15495
5.7	-0.00738857	0.153887
5.71	-0.00585524	0.152771
5.72	-0.00433332	0.151605
5.73	-0.0028233	0.15039
5.74	-0.00132569	0.149125
5.75	0.000159032	0.147812
5.76	0.00163039	0.146452
5.77	0.00308791	0.145045
5.78	0.00453114	0.143594
5.79	0.00595964	0.142099
5.8	0.00737297	0.14056
5.81	0.0087707	0.138979
5.82	0.0101524	0.137357
5.83	0.0115177	0.135695
5.84	0.0128662	0.133993
5.85	0.0141974	0.132254
5.86	0.0155111	0.130477
5.87	0.0168069	0.128665
5.88	0.0180843	0.126817
5.89	0.0193431	0.124936
5.9	0.0205829	0.123021
5.91	0.0218034	0.121075
5.92	0.0230043	0.119098
5.93	0.0241853	0.117091
5.94	0.025346	0.115056
5.95	0.0264863	0.112993
5.96	0.0276058	0.110903
5.97	0.0287043	0.108789
5.98	0.0297815	0.106649
5.99	0.0308372	0.104487
6	0.0318712	0.102302
6.01	0.0328832	0.100096
6.02	0.033873	0.0978698
6.03	0.0348405	0.0956247
6.04	0.0357854	0.0933617
6.05	0.0367077	0.0910817
6.06	0.037607	0.088786
6.07	0.0384833	0.0864754
6.08	0.0393365	0.0841511
6.09	0.0401663	0.0818141
6.1	0.0409727	0.0794655
6.11	0.0417556	0.0771063
6.12	0.0425148	0.0747375
6.13	0.0432503	0.0723601
6.14	0.043962	0.0699753
6.15	0.0446498	0.067584
6.16	0.0453137	0.0651871
6.17	0.0459535	0.0627858
6.18	0.0465694	0.060381
6.19	0.0471611	0.0579737
6.2	0.0477288	0.0555649
6.21	0.0482724	0.0531556
6.22	0.0487919	0.0507467
6.23	0.0492874	0.0483391
6.24	0.0497587	0.0459339
6.25	0.0502061	0.0435319
6.26	0.0506294	0.0411341
6.27	0.0510288	0.0387415
6.28	0.0514042	0.0363548
6.29	0.0517559	0.033975
6.3	0.0520838	0.0316031
6.31	0.052388	0.0292398
6.32	0.0526686	0.026886
6.33	0.0529257	0.0245426
6.34	0.0531595	0.0222104
6.35	0.05337	0.0198903
6.36	0.0535573	0.0175831
6.37	0.0537217	0.0152895
6.38	0.0538632	0.0130104
6.39	0.0539819	0.0107465
6.4	0.0540782	0.00849867
6.41	0.054152	0.00626756
6.42	0.0542036	0.00405394
6.43	0.0542331	0.00185854
6.44	0.0542408	-0.000317927
6.45	0.0542268	-0.00247477
6.46	0.0541914	-0.0046113
6.47	0.0541347	-0.00672685
6.48	0.0540569	-0.00882077
6.49	0.0539583	-0.0108924
6.5	0.0538391	-0.0129412
6.51	0.0536996	-0.0149664
6.52	0.0535399	-0.0169675
6.53	0.0533603	-0.018944
6.54	0.0531611	-0.0208952
6.55	0.0529425	-0.0228206
6.56	0.0527048	-0.0247196
6.57	0.0524482	-0.0265918
6.58	0.052173	-0.0284367
6.59	0.0518795	-0.0302537
6.6	0.051568	-0.0320423
6.61	0.0512388	-0.0338022
6.62	0.0508921	-0.0355328
6.63	0.0505282	-0.0372338
6.64	0.0501475	-0.0389048
6.65	0.0497502	-0.0405452
6.66	0.0493367	-0.0421548
6.67	0.0489072	-0.0437332
6.68	0.0484622	-0.0452801
6.69	0.0480018	-0.0467951
6.7	0.0475264	-0.0482778
6.71	0.0470363	-0.0497281
6.72	0.0465319	-0.0511455
6.73	0.0460135	-0.0525299
6.74	0.0454814	-0.053881
6.75	0.044936	-0.0551985
6.76	0.0443776	-0.0564822
6.77	0.0438065	-0.057732
6.78	0.043223	-0.0589475
6.79	0.0426276	-0.0601287
6.8	0.0420206	-0.0612754
6.81	0.0414022	-0.0623873
6.82	0.0407729	-0.0634645
6.83	0.0401331	-0.0645068
6.84	0.0394829	-0.065514
6.85	0.0388229	-0.0664861
6.86	0.0381533	-0.0674231
6.87	0.0374746	-0.0683248
6.88	0.0367869	-0.0691912
6.89	0.0360909	-0.0700223
6.9	0.0353866	-0.070818
6.91	0.0346746	-0.0715785
6.92	0.0339552	-0.0723036
6.93	0.0332287	-0.0729934
6.94	0.0324954	-0.073648
6.95	0.0317558	-0.0742674
6.96	0.0310102	-0.0748517
6.97	0.0302589	-0.0754009
6.98	0.0295023	-0.0759152
6.99	0.0287407	-0.0763947
7	0.0279745	-0.0768394
7.01	0.027204	-0.0772496
7.02	0.0264296	-0.0776253
7.03	0.0256516	-0.0779668
7.04	0.0248704	-0.0782741
7.05	0.0240863	-0.0785475
7.06	0.0232996	-0.0787872
7.07	0.0225106	-0.0789934
7.08	0.0217198	-0.0791663
7.09	0.0209274	-0.0793061
7.1	0.0201338	-0.079413
7.11	0.0193393	-0.0794874
7.12	0.0185442	-0.0795295
7.13	0.0177488	-0.0795395
7.14	0.0169535	-0.0795178
7.15	0.0161585	-0.0794646
7.16	0.0153643	-0.0793802
7.17	0.014571	-0.079265
7.18	0.0137791	-0.0791192
7.19	0.0129888	-0.0789433
7.2	0.0122003	-0.0787375
7.21	0.0114141	-0.0785021
7.22	0.0106304	-0.0782377
7.23	0.00984944	-0.0779444
7.24	0.00907159	-0.0776227
7.25	0.00829708	-0.0772731
7.26	0.00752622	-0.0768957
7.27	0.00675926	-0.0764912
7.28	0.00599648	-0.0760598
7.29	0.00523815	-0.0756019
7.3	0.00448453	-0.0751181
7.31	0.00373588	-0.0746087
7.32	0.00299244	-0.0740742
7.33	0.00225447	-0.0735149
7.34	0.00152222	-0.0729314
7.35	0.000795925	-0.0723241
7.36	7.58182e-05	-0.0716934
7.37	-0.000637867	-0.0710398
7.38	-0.0013449	-0.0703638
7.39	-0.00204507	-0.0696658
7.4	-0.00273815	-0.0689464
7.41	-0.00342393	-0.0682059
7.42	-0.0041022	-0.0674449
7.43	-0.00477276	-0.0666639
7.44	-0.00543541	-0.0658633
7.45	-0.00608996	-0.0650437
7.46	-0.00673622	-0.0642055
7.47	-0.00737401	-0.0633493
7.48	-0.00800315	-0.0624755
7.49	-0.00862346	-0.0615846
7.5	-0.00923479	-0.0606772
7.51	-0.00983696	-0.0597538
7.52	-0.0104298	-0.0588149
7.53	-0.0110132	-0.0578609
7.54	-0.011587	-0.0568925
7.55	-0.012151	-0.0559101
7.56	-0.0127051	-0.0549142
7.57	-0.0132492	-0.0539054
7.58	-0.0137832	-0.0528841
7.59	-0.0143069	-0.051851
7.6	-0.0148202	-0.0508064
7.61	-0.015323	-0.049751
7.62	-0.0158152	-0.0486853
7.63	-0.0162967	-0.0476097
7.64	-0.0167673	-0.0465247
7.65	-0.0172271	-0.045431
7.66	-0.0176759	-0.044329
7.67	-0.0181137	-0.0432192
7.68	-0.0185403	-0.0421021
7.69	-0.0189557	-0.0409783
7.7	-0.0193598	-0.0398482
7.71	-0.0197526	-0.0387124
7.72	-0.0201341	-0.0375713
7.73	-0.0205041	-0.0364256
7.74	-0.0208626	-0.0352755
7.75	-0.0212095	-0.0341218
7.76	-0.021545	-0.0329647
7.77	-0.0218688	-0.031805
7.78	-0.0221811	-0.0306429
7.79	-0.0224817	-0.0294791
7.8	-0.0227707	-0.0283139
7.81	-0.023048	-0.0271479
7.82	-0.0233136	-0.0259816
7.83	-0.0235676	-0.0248153
7.84	-0.0238099	-0.0236496
7.85	-0.0240406	-0.022485
7.86	-0.0242596	-0.0213218
7.87	-0.024467	-0.0201606
7.88	-0.0246628	-0.0190017
7.89	-0.0248471	-0.0178456
7.9	-0.0250198	-0.0166929
7.91	-0.0251809	-0.0155437
7.92	-0.0253307	-0.0143987
7.93	-0.0254689	-0.0132582
7.94	-0.0255958	-0.0121227
7.95	-0.0257114	-0.0109925
7.96	-0.0258157	-0.00986806
7.97	-0.0259088	-0.00874976
7.98	-0.0259907	-0.00763799
7.99	-0.0260616	-0.00653314
8	-0.0261214	-0.00543559
8.01	-0.0261703	-0.00434571
8.02	-0.0262083	-0.00326387
8.03	-0.0262356	-0.00219041
8.04	-0.0262522	-0.00112571
8.05	-0.0262582	-7.00894e-05
8.06	-0.0262536	0.000976097
8.07	-0.0262387	0.00201252
8.08	-0.0262134	0.00303886
8.09	-0.0261779	0.00405479
8.1	-0.0261323	0.00506
8.11	-0.0260768	0.0060542
8.12	-0.0260113	0.00703707
8.13	-0.0259361	0.00800834
8.14	-0.0258512	0.00896771
8.15	-0.0257567	0.00991492
8.16	-0.0256529	0.0108497
8.17	-0.0255398	0.0117718
8.18	-0.0254175	0.0126809
8.19	-0.0252862	0.0135768
8.2	-0.025146	0.0144593
8.21	-0.0249971	0.0153282
8.22	-0.0248395	0.0161831
8.23	-0.0246735	0.017024
8.24	-0.0244991	0.0178505
8.25	-0.0243165	0.0186625
8.26	-0.0241259	0.0194598
8.27	-0.0239274	0.0202423
8.28	-0.0237211	0.0210096
8.29	-0.0235072	0.0217617
8.3	-0.0232859	0.0224984
8.31	-0.0230573	0.0232196
8.32	-0.0228216	0.023925
8.33	-0.0225788	0.0246146
8.34	-0.0223293	0.0252882
8.35	-0.0220731	0.0259457
8.36	-0.0218105	0.026587
8.37	-0.0215415	0.0272119
8.38	-0.0212663	0.0278205
8.39	-0.0209851	0.0284124
8.4	-0.0206981	0.0289878
8.41	-0.0204054	0.0295465
8.42	-0.0201072	0.0300884
8.43	-0.0198037	0.0306135
8.44	-0.019495	0.0311216
8.45	-0.0191813	0.0316128
8.46	-0.0188628	0.0320871
8.47	-0.0185396	0.0325443
8.48	-0.018212	0.0329844
8.49	-0.01788	0.0334075
8.5	-0.0175439	0.0338135
8.51	-0.0172038	0.0342024
8.52	-0.0168599	0.0345742
8.53	-0.0165124	0.0349288
8.54	-0.0161614	0.0352664
8.55	-0.0158071	0.035587
8.56	-0.0154497	0.0358905
8.57	-0.0150893	0.0361769
8.58	-0.0147262	0.0364464
8.59	-0.0143605	0.036699
8.6	-0.0139923	0.0369347
8.61	-0.0136218	0.0371536
8.62	-0.0132493	0.0373557
8.63	-0.0128748	0.0375411
8.64	-0.0124985	0.03771
8.65	-0.0121206	0.0378623
8.66	-0.0117413	0.0379981
8.67	-0.0113607	0.0381176
8.68	-0.010979	0.0382209
8.69	-0.0105963	0.038308
8.7	-0.0102129	0.0383791
8.71	-0.00982882	0.0384343
8.72	-0.00944426	0.0384736
8.73	-0.0090594	0.0384973
8.74	-0.00867437	0.0385055
8.75	-0.00828934	0.0384982
8.76	-0.00790445	0.0384757
8.77	-0.00751987	0.0384381
8.78	-0.00713574	0.0383855
8.79	-0.00675221	0.038318
8.8	-0.00636943	0.038236
8.81	-0.00598754	0.0381394
8.82	-0.00560669	0.0380285
8.83	-0.00522702	0.0379035
8.84	-0.00484867	0.0377645
8.85	-0.00447178	0.0376117
8.86	-0.00409648	0.0374453
8.87	-0.00372292	0.0372654
8.88	-0.00335122	0.0370724
8.89	-0.00298151	0.0368663
8.9	-0.00261393	0.0366474
8.91	-0.00224861	0.0364158
8.92	-0.00188566	0.0361719
8.93	-0.00152521	0.0359157
8.94	-0.00116738	0.0356475
8.95	-0.000812299	0.0353675
8.96	-0.000460073	0.0350759
8.97	-0.000110819	0.034773
8.98	0.00023535	0.0344589
8.99	0.000578323	0.034134
9	0.000917994	0.0337983
9.01	0.00125426	0.0334522
9.02	0.001587	0.0330959
9.03	0.00191614	0.0327296
9.04	0.00224156	0.0323536
9.05	0.00256318	0.031968
9.06	0.00288089	0.0315732
9.07	0.00319461	0.0311693
9.08	0.00350425	0.0307566
9.09	0.00380972	0.0303354
9.1	0.00411093	0.0299059
9.11	0.00440781	0.0294683
9.12	0.00470027	0.0290229
9.13	0.00498824	0.02857
9.14	0.00527165	0.0281097
9.15	0.00555041	0.0276424
9.16	0.00582447	0.0271682
9.17	0.00609376	0.0266875
9.18	0.0063582	0.0262004
9.19	0.00661774	0.0257073
9.2	0.00687233	0.0252083
9.21	0.00712189	0.0247038
9.22	0.00736639	0.024194
9.23	0.00760575	0.0236791
9.24	0.00783995	0.0231594
9.25	0.00806893	0.0226351
9.26	0.00829264	0.0221065
9.27	0.00851104	0.0215739
9.28	0.0087241	0.0210374
9.29	0.00893178	0.0204974
9.3	0.00913404	0.019954
9.31	0.00933085	0.0194075
9.32	0.00952218	0.0188583
9.33	0.00970801	0.0183064
9.34	0.0098883	0.0177522
9.35	0.010063	0.0171959
9.36	0.0102322	0.0166377
9.37	0.0103958	0.0160779
9.38	0.0105538	0.0155167
9.39	0.0107061	0.0149544
9.4	0.0108529	0.0143911
9.41	0.0109939	0.0138272
9.42	0.0111294	0.0132628
9.43	0.0112592	0.0126982
9.44	0.0113834	0.0121336
9.45	0.0115019	0.0115692
9.46	0.0116147	0.0110052
9.47	0.011722	0.010442
9.48	0.0118236	0.00987961
9.49	0.0119196	0.00931833
9.5	0.01201	0.00875838
9.51	0.0120947	0.00819996
9.52	0.012174	0.00764327
9.53	0.0122476	0.00708853
9.54	0.0123157	0.00653594
9.55	0.0123783	0.00598569
9.56	0.0124355	0.00543799
9.57	0.0124871	0.00489303
9.58	0.0125333	0.00435101
9.59	0.0125741	0.00381211
9.6	0.0126096	0.00327652
9.61	0.0126397	0.00274443
9.62	0.0126645	0.00221601
9.63	0.012684	0.00169144
9.64	0.0126983	0.0011709
9.65	0.0127075	0.000654555
9.66	0.0127114	0.000142576
9.67	0.0127103	-0.000364872
9.68	0.0127042	-0.000867628
9.69	0.012693	-0.00136553
9.7	0.0126769	-0.00185844
9.71	0.0126558	-0.00234618
9.72	0.01263	-0.00282862
9.73	0.0125993	-0.00330561
9.74	0.0125639	-0.00377702
9.75	0.0125238	-0.00424269
9.76	0.012479	-0.0047025
9.77	0.0124297	-0.00515633
9.78	0.0123759	-0.00560403
9.79	0.0123177	-0.00604549
9.8	0.012255	-0.00648058
9.81	0.0121881	-0.0069092
9.82	0.0121169	-0.00733123
9.83	0.0120415	-0.00774655
9.84	0.011962	-0.00815507
9.85	0.0118784	-0.00855668
9.86	0.0117908	-0.00895129
9.87	0.0116994	-0.0093388
9.88	0.0116041	-0.00971911
9.89	0.011505	-0.0100922
9.9	0.0114023	-0.0104578
9.91	0.0112959	-0.0108161
9.92	0.011186	-0.0111668
9.93	0.0110726	-0.0115099
9.94	0.0109558	-0.0118454
9.95	0.0108357	-0.0121731
9.96	0.0107124	-0.0124931
9.97	0.0105859	-0.0128052
9.98	0.0104563	-0.0131095
9.99	0.0103237	-0.0134058
