0	0.987403	-0.0394816
0.01	0.986811	-0.078908
0.02	0.985825	-0.118263
0.03	0.984446	-0.157532
0.04	0.982674	-0.196699
0.05	0.980512	-0.235748
0.06	0.97796	-0.274663
0.07	0.975019	-0.31343
0.08	0.971692	-0.352033
0.09	0.967979	-0.390456
0.1	0.963883	-0.428685
0.11	0.959406	-0.466704
0.12	0.95455	-0.504499
0.13	0.949317	-0.542054
0.14	0.94371	-0.579356
0.15	0.937731	-0.616388
0.16	0.931383	-0.653136
0.17	0.924669	-0.689587
0.18	0.917592	-0.725726
0.19	0.910156	-0.761538
0.2	0.902363	-0.797011
0.21	0.894217	-0.832129
0.22	0.885721	-0.866879
0.23	0.87688	-0.901248
0.24	0.867698	-0.935223
0.25	0.858177	-0.968789
0.26	0.848323	-1.00194
0.27	0.83814	-1.03465
0.28	0.827632	-1.06691
0.29	0.816803	-1.09872
0.3	0.805659	-1.13006
0.31	0.794204	-1.16091
0.32	0.782442	-1.19127
0.33	0.77038	-1.22112
0.34	0.758022	-1.25045
0.35	0.745373	-1.27925
0.36	0.732438	-1.30752
0.37	0.719224	-1.33523
0.38	0.705736	-1.36238
0.39	0.691979	-1.38896
0.4	0.677958	-1.41496
0.41	0.663681	-1.44037
0.42	0.649153	-1.46517
0.43	0.63438	-1.48936
0.44	0.619368	-1.51294
0.45	0.604123	-1.53588
0.46	0.588652	-1.55819
0.47	0.572962	-1.57986
0.48	0.557057	-1.60087
0.49	0.540946	-1.62122
0.5	0.524635	-1.6409
0.51	0.508131	-1.6599
0.52	0.491439	-1.67823
0.53	0.474568	-1.69586
0.54	0.457525	-1.7128
0.55	0.440315	-1.72904
0.56	0.422946	-1.74456
0.57	0.405426	-1.75938
0.58	0.387761	-1.77348
0.59	0.369959	-1.78685
0.6	0.352026	-1.7995
0.61	0.333971	-1.81141
0.62	0.3158	-1.82259
0.63	0.297522	-1.83303
0.64	0.279142	-1.84273
0.65	0.26067	-1.85168
0.66	0.242111	-1.85988
0.67	0.223475	-1.86733
0.68	0.204767	-1.87402
0.69	0.185997	-1.87996
0.7	0.167171	-1.88514
0.71	0.148297	-1.88956
0.72	0.129382	-1.89322
0.73	0.110435	-1.89613
0.74	0.091462	-1.89827
0.75	0.0724718	-1.89965
0.76	0.0534716	-1.90026
0.77	0.034469	-1.90012
0.78	0.0154717	-1.89922
0.79	-0.00351287	-1.89756
0.8	-0.022477	-1.89515
0.81	-0.0414133	-1.89197
0.82	-0.060314	-1.88805
0.83	-0.0791718	-1.88337
0.84	-0.097979	-1.87795
0.85	-0.116728	-1.87178
0.86	-0.135412	-1.86487
0.87	-0.154023	-1.85722
0.88	-0.172554	-1.84883
0.89	-0.190997	-1.83972
0.9	-0.209346	-1.82988
0.91	-0.227593	-1.81931
0.92	-0.24573	-1.80803
0.93	-0.263751	-1.79604
0.94	-0.281648	-1.78334
0.95	-0.299415	-1.76994
0.96	-0.317045	-1.75585
0.97	-0.33453	-1.74107
0.98	-0.351864	-1.72561
0.99	-0.36904	-1.70947
1	-0.386051	-1.69267
1.01	-0.402891	-1.67521
1.02	-0.419553	-1.65709
1.03	-0.436031	-1.63833
1.04	-0.452318	-1.61893
1.05	-0.468408	-1.59891
1.06	-0.484294	-1.57827
1.07	-0.499971	-1.55701
1.08	-0.515432	-1.53516
1.09	-0.530672	-1.51271
1.1	-0.545684	-1.48968
1.11	-0.560464	-1.46608
1.12	-0.575004	-1.44192
1.13	-0.5893	-1.4172
1.14	-0.603346	-1.39194
1.15	-0.617137	-1.36615
1.16	-0.630668	-1.33984
1.17	-0.643932	-1.31302
1.18	-0.656926	-1.2857
1.19	-0.669645	-1.2579
1.2	-0.682083	-1.22962
1.21	-0.694236	-1.20088
1.22	-0.706099	-1.17168
1.23	-0.717668	-1.14205
1.24	-0.728939	-1.11199
1.25	-0.739906	-1.08152
1.26	-0.750567	-1.05064
1.27	-0.760918	-1.01937
1.28	-0.770954	-0.987732
1.29	-0.780671	-0.955726
1.3	-0.790067	-0.923371
1.31	-0.799138	-0.890679
1.32	-0.80788	-0.857663
1.33	-0.81629	-0.824338
1.34	-0.824365	-0.790716
1.35	-0.832103	-0.756812
1.36	-0.839501	-0.722639
1.37	-0.846555	-0.688211
1.38	-0.853264	-0.653542
1.39	-0.859625	-0.618647
1.4	-0.865636	-0.58354
1.41	-0.871295	-0.548234
1.42	-0.8766	-0.512745
1.43	-0.88155	-0.477085
1.44	-0.886142	-0.441271
1.45	-0.890375	-0.405316
1.46	-0.894248	-0.369236
1.47	-0.897759	-0.333043
1.48	-0.900908	-0.296754
1.49	-0.903694	-0.260382
1.5	-0.906115	-0.223942
1.51	-0.908172	-0.187449
1.52	-0.909864	-0.150918
1.53	-0.911191	-0.114363
1.54	-0.912152	-0.0777993
1.55	-0.912747	-0.0412405
1.56	-0.912976	-0.0047019
1.57	-0.912841	0.0318021
1.58	-0.912341	0.0682569
1.59	-0.911476	0.104648
1.6	-0.910248	0.140961
1.61	-0.908657	0.177181
1.62	-0.906705	0.213294
1.63	-0.904392	0.249286
1.64	-0.901719	0.285142
1.65	-0.898689	0.320849
1.66	-0.895303	0.356391
1.67	-0.891562	0.391755
1.68	-0.887468	0.426928
1.69	-0.883024	0.461894
1.7	-0.878231	0.496641
1.71	-0.873092	0.531155
1.72	-0.867609	0.565422
1.73	-0.861785	0.599429
1.74	-0.855621	0.633161
1.75	-0.849122	0.666608
1.76	-0.84229	0.699754
1.77	-0.835128	0.732587
1.78	-0.82764	0.765095
1.79	-0.819827	0.797264
1.8	-0.811695	0.829082
1.81	-0.803247	0.860537
1.82	-0.794486	0.891617
1.83	-0.785416	0.922309
1.84	-0.776041	0.952601
1.85	-0.766365	0.982483
1.86	-0.756393	1.01194
1.87	-0.746128	1.04097
1.88	-0.735575	1.06955
1.89	-0.724739	1.09767
1.9	-0.713623	1.12533
1.91	-0.702234	1.15251
1.92	-0.690575	1.1792
1.93	-0.678651	1.20539
1.94	-0.666469	1.23107
1.95	-0.654032	1.25624
1.96	-0.641345	1.28088
1.97	-0.628416	1.30498
1.98	-0.615248	1.32854
1.99	-0.601847	1.35154
2	-0.588219	1.37398
2.01	-0.574369	1.39585
2.02	-0.560303	1.41714
2.03	-0.546028	1.43784
2.04	-0.531549	1.45794
2.05	-0.516871	1.47744
2.06	-0.502002	1.49634
2.07	-0.486947	1.51461
2.08	-0.471712	1.53226
2.09	-0.456303	1.54928
2.1	-0.440728	1.56566
2.11	-0.424992	1.5814
2.12	-0.409102	1.5965
2.13	-0.393065	1.61094
2.14	-0.376886	1.62472
2.15	-0.360572	1.63784
2.16	-0.344131	1.65029
2.17	-0.327569	1.66207
2.18	-0.310892	1.67317
2.19	-0.294108	1.68359
2.2	-0.277223	1.69333
2.21	-0.260243	1.70238
2.22	-0.243177	1.71074
2.23	-0.226031	1.71841
2.24	-0.208811	1.72539
2.25	-0.191525	1.73167
2.26	-0.17418	1.73725
2.27	-0.156783	1.74213
2.28	-0.13934	1.7463
2.29	-0.121859	1.74978
2.3	-0.104347	1.75255
2.31	-0.0868105	1.75462
2.32	-0.0692568	1.75599
2.33	-0.051693	1.75665
2.34	-0.0341261	1.75661
2.35	-0.0165632	1.75587
2.36	0.000988891	1.75442
2.37	0.018523	1.75228
2.38	0.0360322	1.74944
2.39	0.0535094	1.7459
2.4	0.0709479	1.74167
2.41	0.0883405	1.73674
2.42	0.10568	1.73113
2.43	0.122961	1.72483
2.44	0.140175	1.71784
2.45	0.157315	1.71018
2.46	0.174376	1.70184
2.47	0.19135	1.69283
2.48	0.20823	1.68315
2.49	0.22501	1.6728
2.5	0.241684	1.6618
2.51	0.258244	1.65015
2.52	0.274685	1.63784
2.53	0.290999	1.6249
2.54	0.307181	1.61131
2.55	0.323223	1.5971
2.56	0.339121	1.58226
2.57	0.354866	1.56681
2.58	0.370455	1.55074
2.59	0.385879	1.53407
2.6	0.401134	1.51681
2.61	0.416214	1.49895
2.62	0.431111	1.48052
2.63	0.445822	1.46151
2.64	0.46034	1.44193
2.65	0.474659	1.4218
2.66	0.488774	1.40112
2.67	0.502679	1.3799
2.68	0.51637	1.35815
2.69	0.52984	1.33587
2.7	0.543086	1.31309
2.71	0.5561	1.2898
2.72	0.56888	1.26603
2.73	0.581419	1.24176
2.74	0.593714	1.21703
2.75	0.605758	1.19184
2.76	0.617549	1.16619
2.77	0.629081	1.1401
2.78	0.64035	1.11359
2.79	0.651351	1.08665
2.8	0.662081	1.05931
2.81	0.672536	1.03157
2.82	0.682711	1.00345
2.83	0.692604	0.974951
2.84	0.702209	0.946093
2.85	0.711524	0.916886
2.86	0.720546	0.887342
2.87	0.72927	0.857472
2.88	0.737694	0.827289
2.89	0.745815	0.796806
2.9	0.753629	0.766035
2.91	0.761135	0.734988
2.92	0.768328	0.703678
2.93	0.775207	0.672119
2.94	0.78177	0.640322
2.95	0.788013	0.608301
2.96	0.793935	0.576068
2.97	0.799534	0.543638
2.98	0.804807	0.511023
2.99	0.809754	0.478236
3	0.814372	0.44529
3.01	0.818659	0.4122
3.02	0.822615	0.378978
3.03	0.826238	0.345637
3.04	0.829527	0.312192
3.05	0.832482	0.278655
3.06	0.8351	0.245041
3.07	0.837382	0.211362
3.08	0.839327	0.177632
3.09	0.840935	0.143865
3.1	0.842205	0.110074
3.11	0.843136	0.0762727
3.12	0.84373	0.0424748
3.13	0.843986	0.0086938
3.14	0.843904	-0.0250569
3.15	0.843485	-0.0587639
3.16	0.842729	-0.0924137
3.17	0.841637	-0.125993
3.18	0.840209	-0.159488
3.19	0.838447	-0.192886
3.2	0.836352	-0.226174
3.21	0.833924	-0.259338
3.22	0.831166	-0.292365
3.23	0.828078	-0.325242
3.24	0.824661	-0.357956
3.25	0.820919	-0.390495
3.26	0.816852	-0.422844
3.27	0.812463	-0.454993
3.28	0.807753	-0.486927
3.29	0.802725	-0.518635
3.3	0.797381	-0.550104
3.31	0.791724	-0.581321
3.32	0.785756	-0.612275
3.33	0.779479	-0.642953
3.34	0.772897	-0.673344
3.35	0.766013	-0.703434
3.36	0.75883	-0.733214
3.37	0.75135	-0.76267
3.38	0.743578	-0.791793
3.39	0.735515	-0.820569
3.4	0.727167	-0.848989
3.41	0.718537	-0.877041
3.42	0.709628	-0.904714
3.43	0.700444	-0.931998
3.44	0.690989	-0.958882
3.45	0.681268	-0.985356
3.46	0.671283	-1.01141
3.47	0.661041	-1.03703
3.48	0.650544	-1.06222
3.49	0.639798	-1.08695
3.5	0.628807	-1.11122
3.51	0.617575	-1.13503
3.52	0.606108	-1.15836
3.53	0.59441	-1.1812
3.54	0.582486	-1.20354
3.55	0.57034	-1.22539
3.56	0.557979	-1.24672
3.57	0.545408	-1.26753
3.58	0.532631	-1.28781
3.59	0.519653	-1.30756
3.6	0.506481	-1.32677
3.61	0.49312	-1.34542
3.62	0.479575	-1.36352
3.63	0.465851	-1.38106
3.64	0.451955	-1.39803
3.65	0.437893	-1.41442
3.66	0.423669	-1.43023
3.67	0.40929	-1.44545
3.68	0.394762	-1.46008
3.69	0.380091	-1.47411
3.7	0.365282	-1.48754
3.71	0.350342	-1.50035
3.72	0.335277	-1.51256
3.73	0.320093	-1.52415
3.74	0.304796	-1.53512
3.75	0.289392	-1.54546
3.76	0.273889	-1.55518
3.77	0.258291	-1.56426
3.78	0.242606	-1.57271
3.79	0.226839	-1.58052
3.8	0.210997	-1.5877
3.81	0.195087	-1.59423
3.82	0.179115	-1.60011
3.83	0.163087	-1.60536
3.84	0.14701	-1.60995
3.85	0.13089	-1.6139
3.86	0.114734	-1.61719
3.87	0.0985484	-1.61984
3.88	0.0823394	-1.62184
3.89	0.0661138	-1.62318
3.9	0.0498779	-1.62388
3.91	0.0336383	-1.62393
3.92	0.0174015	-1.62332
3.93	0.001174	-1.62207
3.94	-0.0150378	-1.62017
3.95	-0.0312273	-1.61763
3.96	-0.0473882	-1.61444
3.97	-0.063514	-1.61061
3.98	-0.0795983	-1.60614
3.99	-0.0956347	-1.60103
4	-0.111617	-1.59529
4.01	-0.127538	-1.58891
4.02	-0.143393	-1.58191
4.03	-0.159174	-1.57428
4.04	-0.174876	-1.56603
4.05	-0.190493	-1.55716
4.06	-0.206018	-1.54767
4.07	-0.221444	-1.53758
4.08	-0.236767	-1.52689
4.09	-0.25198	-1.51559
4.1	-0.267077	-1.5037
4.11	-0.282052	-1.49122
4.12	-0.296899	-1.47815
4.13	-0.311613	-1.46451
4.14	-0.326188	-1.4503
4.15	-0.340617	-1.43552
4.16	-0.354896	-1.42018
4.17	-0.369019	-1.40429
4.18	-0.38298	-1.38785
4.19	-0.396774	-1.37088
4.2	-0.410396	-1.35337
4.21	-0.42384	-1.33534
4.22	-0.437101	-1.31679
4.23	-0.450174	-1.29774
4.24	-0.463054	-1.27819
4.25	-0.475736	-1.25814
4.26	-0.488215	-1.23762
4.27	-0.500487	-1.21661
4.28	-0.512546	-1.19515
4.29	-0.524388	-1.17322
4.3	-0.536009	-1.15085
4.31	-0.547404	-1.12804
4.32	-0.558568	-1.10481
4.33	-0.569499	-1.08115
4.34	-0.58019	-1.05709
4.35	-0.590639	-1.03263
4.36	-0.600841	-1.00777
4.37	-0.610793	-0.982546
4.38	-0.620491	-0.95695
4.39	-0.629931	-0.930996
4.4	-0.63911	-0.904697
4.41	-0.648024	-0.878062
4.42	-0.65667	-0.851103
4.43	-0.665045	-0.82383
4.44	-0.673146	-0.796255
4.45	-0.680969	-0.76839
4.46	-0.688512	-0.740245
4.47	-0.695773	-0.711832
4.48	-0.702748	-0.683163
4.49	-0.709435	-0.65425
4.5	-0.715832	-0.625104
4.51	-0.721937	-0.595737
4.52	-0.727746	-0.566161
4.53	-0.733259	-0.536389
4.54	-0.738474	-0.506432
4.55	-0.743387	-0.476302
4.56	-0.747999	-0.446012
4.57	-0.752307	-0.415574
4.58	-0.75631	-0.385001
4.59	-0.760007	-0.354304
4.6	-0.763396	-0.323496
4.61	-0.766476	-0.292589
4.62	-0.769247	-0.261596
4.63	-0.771708	-0.23053
4.64	-0.773858	-0.199403
4.65	-0.775696	-0.168227
4.66	-0.777222	-0.137015
4.67	-0.778436	-0.105779
4.68	-0.779338	-0.0745326
4.69	-0.779927	-0.0432874
4.7	-0.780204	-0.0120561
4.71	-0.780168	0.0191488
4.72	-0.779821	0.0503149
4.73	-0.779162	0.0814297
4.74	-0.778192	0.112481
4.75	-0.776913	0.143456
4.76	-0.775323	0.174343
4.77	-0.773426	0.205129
4.78	-0.771221	0.235803
4.79	-0.76871	0.266351
4.8	-0.765895	0.296763
4.81	-0.762776	0.327025
4.82	-0.759355	0.357127
4.83	-0.755634	0.387055
4.84	-0.751614	0.416799
4.85	-0.747298	0.446347
4.86	-0.742688	0.475687
4.87	-0.737785	0.504807
4.88	-0.732593	0.533696
4.89	-0.727112	0.562343
4.9	-0.721347	0.590737
4.91	-0.715298	0.618866
4.92	-0.70897	0.646719
4.93	-0.702365	0.674286
4.94	-0.695485	0.701556
4.95	-0.688335	0.728519
4.96	-0.680916	0.755163
4.97	-0.673233	0.781478
4.98	-0.665288	0.807455
4.99	-0.657085	0.833083
5	-0.648627	0.858352
5.01	-0.639919	0.883253
5.02	-0.630963	0.907776
5.03	-0.621765	0.931912
5.04	-0.612327	0.95565
5.05	-0.602653	0.978983
5.06	-0.592748	1.0019
5.07	-0.582616	1.0244
5.08	-0.572262	1.04646
5.09	-0.561689	1.06808
5.1	-0.550902	1.08926
5.11	-0.539905	1.10997
5.12	-0.528704	1.13023
5.13	-0.517302	1.15001
5.14	-0.505705	1.16931
5.15	-0.493918	1.18812
5.16	-0.481944	1.20644
5.17	-0.46979	1.22426
5.18	-0.457461	1.24157
5.19	-0.444961	1.25837
5.2	-0.432295	1.27465
5.21	-0.419469	1.29041
5.22	-0.406489	1.30563
5.23	-0.393359	1.32031
5.24	-0.380084	1.33445
5.25	-0.366671	1.34805
5.26	-0.353125	1.36109
5.27	-0.339451	1.37357
5.28	-0.325656	1.3855
5.29	-0.311743	1.39685
5.3	-0.29772	1.40764
5.31	-0.283592	1.41786
5.32	-0.269365	1.42749
5.33	-0.255045	1.43655
5.34	-0.240636	1.44502
5.35	-0.226146	1.45291
5.36	-0.21158	1.46021
5.37	-0.196944	1.46691
5.38	-0.182244	1.47303
5.39	-0.167485	1.47855
5.4	-0.152675	1.48347
5.41	-0.137818	1.48779
5.42	-0.122921	1.49152
5.43	-0.10799	1.49464
5.44	-0.09303	1.49717
5.45	-0.0780482	1.49909
5.46	-0.0630501	1.50041
5.47	-0.0480419	1.50114
5.48	-0.0330294	1.50126
5.49	-0.0180188	1.50078
5.5	-0.00301594	1.4997
5.51	0.0119731	1.49802
5.52	0.0269424	1.49574
5.53	0.041886	1.49287
5.54	0.0567979	1.48941
5.55	0.0716721	1.48535
5.56	0.0865029	1.4807
5.57	0.101284	1.47547
5.58	0.11601	1.46965
5.59	0.130675	1.46325
5.6	0.145273	1.45627
5.61	0.159799	1.44872
5.62	0.174246	1.44059
5.63	0.188609	1.4319
5.64	0.202882	1.42264
5.65	0.21706	1.41282
5.66	0.231136	1.40245
5.67	0.245107	1.39153
5.68	0.258965	1.38006
5.69	0.272706	1.36805
5.7	0.286324	1.35551
5.71	0.299815	1.34244
5.72	0.313171	1.32884
5.73	0.32639	1.31473
5.74	0.339464	1.3001
5.75	0.35239	1.28497
5.76	0.365162	1.26934
5.77	0.377775	1.25322
5.78	0.390225	1.23662
5.79	0.402506	1.21953
5.8	0.414614	1.20198
5.81	0.426544	1.18396
5.82	0.438292	1.16549
5.83	0.449852	1.14657
5.84	0.461222	1.12721
5.85	0.472395	1.10742
5.86	0.483369	1.08721
5.87	0.494138	1.06658
5.88	0.504699	1.04555
5.89	0.515048	1.02412
5.9	0.52518	1.0023
5.91	0.535092	0.980102
5.92	0.544781	0.957535
5.93	0.554242	0.934607
5.94	0.563472	0.911329
5.95	0.572467	0.88771
5.96	0.581225	0.86376
5.97	0.589742	0.839488
5.98	0.598014	0.814905
5.99	0.606039	0.79002
6	0.613813	0.764845
6.01	0.621335	0.739389
6.02	0.6286	0.713663
6.03	0.635607	0.687677
6.04	0.642353	0.661443
6.05	0.648835	0.63497
6.06	0.655051	0.60827
6.07	0.661	0.581353
6.08	0.666678	0.554231
6.09	0.672084	0.526914
6.1	0.677215	0.499414
6.11	0.682071	0.471742
6.12	0.68665	0.443908
6.13	0.690949	0.415926
6.14	0.694968	0.387804
6.15	0.698705	0.359556
6.16	0.702159	0.331193
6.17	0.705328	0.302725
6.18	0.708213	0.274165
6.19	0.710811	0.245524
6.2	0.713123	0.216813
6.21	0.715147	0.188044
6.22	0.716884	0.159229
6.23	0.718332	0.130379
6.24	0.719491	0.101505
6.25	0.720362	0.0726202
6.26	0.720944	0.0437349
6.27	0.721237	0.0148611
6.28	0.721241	-0.0139899
6.29	0.720957	-0.0428064
6.3	0.720385	-0.071577
6.31	0.719526	-0.10029
6.32	0.718379	-0.128935
6.33	0.716947	-0.157499
6.34	0.71523	-0.185972
6.35	0.713228	-0.214342
6.36	0.710943	-0.242597
6.37	0.708377	-0.270728
6.38	0.705529	-0.298722
6.39	0.702403	-0.326569
6.4	0.698998	-0.354258
6.41	0.695318	-0.381777
6.42	0.691363	-0.409116
6.43	0.687136	-0.436264
6.44	0.682639	-0.463211
6.45	0.677873	-0.489946
6.46	0.672841	-0.516457
6.47	0.667544	-0.542736
6.48	0.661987	-0.568772
6.49	0.65617	-0.594554
6.5	0.650096	-0.620073
6.51	0.643769	-0.645319
6.52	0.637191	-0.670281
6.53	0.630365	-0.69495
6.54	0.623293	-0.719317
6.55	0.615979	-0.743372
6.56	0.608427	-0.767106
6.57	0.600638	-0.790509
6.58	0.592618	-0.813573
6.59	0.584368	-0.836288
6.6	0.575893	-0.858647
6.61	0.567196	-0.880639
6.62	0.558281	-0.902258
6.63	0.549152	-0.923495
6.64	0.539813	-0.944341
6.65	0.530267	-0.964788
6.66	0.520518	-0.98483
6.67	0.510572	-1.00446
6.68	0.500431	-1.02366
6.69	0.4901	-1.04244
6.7	0.479583	-1.06079
6.71	0.468886	-1.07869
6.72	0.458011	-1.09614
6.73	0.446964	-1.11313
6.74	0.43575	-1.12967
6.75	0.424373	-1.14573
6.76	0.412837	-1.16132
6.77	0.401148	-1.17643
6.78	0.38931	-1.19106
6.79	0.377328	-1.20519
6.8	0.365208	-1.21883
6.81	0.352953	-1.23197
6.82	0.34057	-1.2446
6.83	0.328063	-1.25673
6.84	0.315437	-1.26833
6.85	0.302698	-1.27942
6.86	0.28985	-1.28999
6.87	0.2769	-1.30003
6.88	0.263852	-1.30954
6.89	0.250711	-1.31852
6.9	0.237483	-1.32696
6.91	0.224174	-1.33486
6.92	0.210788	-1.34222
6.93	0.197331	-1.34904
6.94	0.183809	-1.35531
6.95	0.170226	-1.36103
6.96	0.15659	-1.36621
6.97	0.142904	-1.37083
6.98	0.129175	-1.3749
6.99	0.115408	-1.37841
7	0.101609	-1.38137
7.01	0.0877826	-1.38378
7.02	0.0739351	-1.38563
7.03	0.0600719	-1.38692
7.04	0.0461985	-1.38766
7.05	0.0323206	-1.38784
7.06	0.0184436	-1.38747
7.07	0.00457304	-1.38654
7.08	-0.00928544	-1.38506
7.09	-0.0231264	-1.38303
7.1	-0.0369442	-1.38045
7.11	-0.0507334	-1.37731
7.12	-0.0644886	-1.37363
7.13	-0.0782043	-1.36941
7.14	-0.091875	-1.36464
7.15	-0.105495	-1.35933
7.16	-0.11906	-1.35348
7.17	-0.132563	-1.3471
7.18	-0.146	-1.34018
7.19	-0.159365	-1.33274
7.2	-0.172653	-1.32477
7.21	-0.185859	-1.31628
7.22	-0.198977	-1.30727
7.23	-0.212002	-1.29775
7.24	-0.22493	-1.28772
7.25	-0.237755	-1.27718
7.26	-0.250472	-1.26614
7.27	-0.263076	-1.25461
7.28	-0.275563	-1.24259
7.29	-0.287926	-1.23008
7.3	-0.300163	-1.2171
7.31	-0.312267	-1.20364
7.32	-0.324234	-1.18971
7.33	-0.336059	-1.17532
7.34	-0.347739	-1.16048
7.35	-0.359267	-1.14518
7.36	-0.370641	-1.12945
7.37	-0.381855	-1.11328
7.38	-0.392905	-1.09667
7.39	-0.403787	-1.07965
7.4	-0.414497	-1.06221
7.41	-0.42503	-1.04437
7.42	-0.435383	-1.02613
7.43	-0.445551	-1.00749
7.44	-0.455531	-0.98847
7.45	-0.465319	-0.969073
7.46	-0.474912	-0.949309
7.47	-0.484304	-0.929185
7.48	-0.493494	-0.908709
7.49	-0.502477	-0.887891
7.5	-0.511251	-0.866738
7.51	-0.519811	-0.84526
7.52	-0.528155	-0.823465
7.53	-0.536279	-0.801364
7.54	-0.544181	-0.778963
7.55	-0.551858	-0.756274
7.56	-0.559306	-0.733305
7.57	-0.566523	-0.710066
7.58	-0.573506	-0.686567
7.59	-0.580253	-0.662816
7.6	-0.586762	-0.638824
7.61	-0.593029	-0.614601
7.62	-0.599053	-0.590156
7.63	-0.604831	-0.5655
7.64	-0.610362	-0.540642
7.65	-0.615644	-0.515593
7.66	-0.620674	-0.490362
7.67	-0.62545	-0.464961
7.68	-0.629972	-0.4394
7.69	-0.634238	-0.413688
7.7	-0.638246	-0.387837
7.71	-0.641994	-0.361857
7.72	-0.645482	-0.335757
7.73	-0.648709	-0.30955
7.74	-0.651673	-0.283245
7.75	-0.654374	-0.256853
7.76	-0.65681	-0.230385
7.77	-0.658981	-0.203851
7.78	-0.660887	-0.177262
7.79	-0.662526	-0.150629
7.8	-0.663899	-0.123963
7.81	-0.665005	-0.097273
7.82	-0.665845	-0.0705712
7.83	-0.666417	-0.0438679
7.84	-0.666722	-0.0171737
7.85	-0.66676	0.0095007
7.86	-0.666532	0.0361446
7.87	-0.666037	0.0627474
7.88	-0.665277	0.0892986
7.89	-0.664252	0.115787
7.9	-0.662962	0.142204
7.91	-0.661408	0.168537
7.92	-0.659591	0.194776
7.93	-0.657513	0.220911
7.94	-0.655173	0.246931
7.95	-0.652575	0.272827
7.96	-0.649717	0.298588
7.97	-0.646603	0.324204
7.98	-0.643234	0.349665
7.99	-0.639611	0.37496
8	-0.635735	0.400081
8.01	-0.63161	0.425016
8.02	-0.627235	0.449756
8.03	-0.622615	0.474292
8.04	-0.61775	0.498613
8.05	-0.612644	0.522711
8.06	-0.607297	0.546576
8.07	-0.601713	0.570199
8.08	-0.595894	0.59357
8.09	-0.589842	0.61668
8.1	-0.583561	0.639521
8.11	-0.577053	0.662083
8.12	-0.57032	0.684358
8.13	-0.563367	0.706337
8.14	-0.556195	0.728012
8.15	-0.548807	0.749374
8.16	-0.541208	0.770415
8.17	-0.5334	0.791127
8.18	-0.525387	0.811502
8.19	-0.517171	0.831533
8.2	-0.508757	0.85121
8.21	-0.500148	0.870528
8.22	-0.491348	0.889479
8.23	-0.48236	0.908055
8.24	-0.473188	0.926249
8.25	-0.463836	0.944055
8.26	-0.454308	0.961466
8.27	-0.444608	0.978475
8.28	-0.43474	0.995075
8.29	-0.424708	1.01126
8.3	-0.414516	1.02703
8.31	-0.404169	1.04237
8.32	-0.393671	1.05727
8.33	-0.383025	1.07174
8.34	-0.372237	1.08577
8.35	-0.361311	1.09935
8.36	-0.350252	1.11248
8.37	-0.339063	1.12514
8.38	-0.32775	1.13735
8.39	-0.316318	1.14909
8.4	-0.30477	1.16035
8.41	-0.293112	1.17115
8.42	-0.281349	1.18146
8.43	-0.269485	1.19129
8.44	-0.257525	1.20064
8.45	-0.245474	1.20949
8.46	-0.233336	1.21785
8.47	-0.221118	1.22572
8.48	-0.208824	1.23309
8.49	-0.196458	1.23996
8.5	-0.184026	1.24633
8.51	-0.171533	1.25219
8.52	-0.158984	1.25754
8.53	-0.146384	1.26239
8.54	-0.133738	1.26673
8.55	-0.121051	1.27056
8.56	-0.108328	1.27387
8.57	-0.0955753	1.27668
8.58	-0.0827967	1.27896
8.59	-0.0699977	1.28074
8.6	-0.0571836	1.282
8.61	-0.0443594	1.28275
8.62	-0.0315303	1.28299
8.63	-0.0187014	1.28271
8.64	-0.00587781	1.28192
8.65	0.00693528	1.28061
8.66	0.0197328	1.2788
8.67	0.0325096	1.27648
8.68	0.0452607	1.27365
8.69	0.0579809	1.27031
8.7	0.0706652	1.26647
8.71	0.0833086	1.26213
8.72	0.0959061	1.25728
8.73	0.108453	1.25194
8.74	0.120943	1.2461
8.75	0.133373	1.23977
8.76	0.145737	1.23295
8.77	0.15803	1.22565
8.78	0.170248	1.21786
8.79	0.182386	1.2096
8.8	0.194439	1.20085
8.81	0.206402	1.19164
8.82	0.21827	1.18196
8.83	0.230039	1.17182
8.84	0.241705	1.16121
8.85	0.253262	1.15016
8.86	0.264706	1.13865
8.87	0.276034	1.12671
8.88	0.287239	1.11432
8.89	0.298319	1.1015
8.9	0.309268	1.08825
8.91	0.320082	1.07458
8.92	0.330758	1.0605
8.93	0.341291	1.046
8.94	0.351677	1.03111
8.95	0.361912	1.01581
8.96	0.371992	1.00012
8.97	0.381913	0.984053
8.98	0.391671	0.967605
8.99	0.401264	0.950787
9	0.410686	0.933605
9.01	0.419935	0.916067
9.02	0.429006	0.89818
9.03	0.437897	0.879953
9.04	0.446604	0.861391
9.05	0.455124	0.842504
9.06	0.463453	0.823299
9.07	0.471589	0.803784
9.08	0.479528	0.783967
9.09	0.487267	0.763857
9.1	0.494804	0.743461
9.11	0.502135	0.722788
9.12	0.509259	0.701847
9.13	0.516172	0.680647
9.14	0.522871	0.659195
9.15	0.529355	0.637502
9.16	0.53562	0.615575
9.17	0.541665	0.593424
9.18	0.547488	0.571058
9.19	0.553086	0.548486
9.2	0.558457	0.525717
9.21	0.5636	0.502761
9.22	0.568512	0.479627
9.23	0.573192	0.456324
9.24	0.577638	0.432862
9.25	0.581848	0.40925
9.26	0.585822	0.385499
9.27	0.589558	0.361617
9.28	0.593054	0.337614
9.29	0.59631	0.3135
9.3	0.599324	0.289286
9.31	0.602095	0.264979
9.32	0.604623	0.240591
9.33	0.606907	0.216131
9.34	0.608945	0.19161
9.35	0.610739	0.167036
9.36	0.612286	0.14242
9.37	0.613587	0.117771
9.38	0.614641	0.0931006
9.39	0.615449	0.0684172
9.4	0.61601	0.0437312
9.41	0.616324	0.0190523
9.42	0.616391	-0.00560955
9.43	0.616212	-0.0302445
9.44	0.615786	-0.0548427
9.45	0.615115	-0.0793944
9.46	0.614198	-0.10389
9.47	0.613037	-0.128319
9.48	0.611632	-0.152673
9.49	0.609984	-0.176941
9.5	0.608094	-0.201115
9.51	0.605962	-0.225183
9.52	0.60359	-0.249138
9.53	0.60098	-0.272969
9.54	0.598131	-0.296667
9.55	0.595047	-0.320223
9.56	0.591728	-0.343628
9.57	0.588175	-0.366871
9.58	0.584391	-0.389945
9.59	0.580377	-0.41284
9.6	0.576134	-0.435546
9.61	0.571666	-0.458056
9.62	0.566974	-0.480361
9.63	0.56206	-0.502451
9.64	0.556926	-0.524318
9.65	0.551574	-0.545953
9.66	0.546008	-0.567349
9.67	0.540228	-0.588496
9.68	0.534238	-0.609387
9.69	0.528041	-0.630014
9.7	0.521639	-0.650368
9.71	0.515035	-0.670442
9.72	0.508231	-0.690227
9.73	0.501231	-0.709717
9.74	0.494038	-0.728904
9.75	0.486654	-0.74778
9.76	0.479083	-0.766338
9.77	0.471328	-0.784572
9.78	0.463393	-0.802473
9.79	0.45528	-0.820036
9.8	0.446993	-0.837253
9.81	0.438536	-0.854119
9.82	0.429912	-0.870626
9.83	0.421125	-0.886768
9.84	0.412178	-0.90254
9.85	0.403075	-0.917936
9.86	0.393821	-0.932949
9.87	0.384418	-0.947574
9.88	0.374871	-0.961805
9.89	0.365183	-0.975638
9.9	0.355359	-0.989067
9.91	0.345403	-1.00209
9.92	0.335319	-1.01469
9.93	0.325111	-1.02688
9.94	0.314783	-1.03865
9.95	0.304339	-1.04999
9.96	0.293784	-1.06089
9.97	0.283123	-1.07136
9.98	0.272358	-1.0814
9.99	0.261496	-1.09099
